1620653443.923795
1620653513.256936
1620653620.3394
1620653636.327448
1620653759.614156
1620653865.71752
1620653885.49941
1620653901.537331
1620654059.184143
1620654071.119427
1620654083.942875
1620654294.877234
1620654359.314473
1620654430.900813
1620654441.944169
1620654450.664182
1620654481.651423
1620654608.829749
1620654619.069255
1620654629.461616
1620654692.119787
1620654759.469864
1620654795.325748
1620654804.027071
1620654813.751247
1620654866.348898
1620654880.189355
1620654894.0501
1620655071.470384
1620655467.215088
1620655475.079813
1620655486.956584
1620655593.813252
1620655602.992562
1620655615.737552
1620655881.517559
1620655889.578478
1620655947.544533
1620655958.811545
1620655969.659473
1620656049.706653
1620656058.655734
1620656155.317091
1620656162.931024
1620656174.757095
1620656219.316657
1620656228.439351
1620656238.881976
1620656317.083055
1620656324.979308
1620656370.446399
1620656380.810556
1620656397.478217
1620656496.77011
1620656512.232529
1620656554.361157
1620656565.252708
1620656574.459982
1620656613.969853
1620656623.445834
