1620653443.593137
1620653512.926442
1620653620.025528
1620653635.994973
1620653759.196011
1620653865.38134
1620653885.156815
1620653901.211219
1620654058.851421
1620654070.796603
1620654083.599792
1620654294.550914
1620654358.861959
1620654430.531693
1620654441.599144
1620654450.313435
1620654481.329982
1620654608.499954
1620654618.753012
1620654629.11282
1620654691.766522
1620654759.044635
1620654794.972817
1620654803.685053
1620654813.408326
1620654865.999149
1620654879.85857
1620654893.703697
1620655071.150225
1620655466.729383
1620655474.717701
1620655486.614001
1620655593.119875
1620655602.620854
1620655615.417045
1620655881.147661
1620655889.240515
1620655947.19478
1620655958.48411
1620655969.315802
1620656049.293268
1620656058.320787
1620656154.96964
1620656162.582005
1620656174.413149
1620656218.980918
1620656228.083993
1620656238.552986
1620656289.328094
1620656316.659306
1620656324.642523
1620656370.117733
1620656380.460235
1620656496.400017
1620656511.86124
1620656554.047001
1620656564.892336
1620656574.106596
1620656613.640886
1620656623.092402
